,City,Lat,Lng,Max Temp,Humidity,Cloudiness,Wind Speed,Country,Date
0,ushuaia,-54.8,-68.3,53.6,46,75,12.75,AR,1603317621
1,katsuura,35.13,140.3,60.8,67,75,13.87,JP,1603317044
2,mongo,12.18,18.69,81.59,30,69,4.7,TD,1603317621
3,cap malheureux,-19.98,57.61,71.01,86,74,5.99,MU,1603317405
4,chokurdakh,70.63,147.92,9.93,94,100,4.36,RU,1603317035
5,hobart,-42.88,147.33,55.0,81,75,4.7,AU,1603317395
6,ondjiva,-17.07,15.73,75.43,22,37,12.44,AO,1603317622
7,hermanus,-34.42,19.23,55.0,90,0,1.01,ZA,1603317025
8,hambantota,6.12,81.12,78.8,94,40,6.93,LK,1603317202
9,port alfred,-33.59,26.89,63.54,85,0,12.35,ZA,1603317613
10,nanortalik,60.14,-45.24,33.78,87,100,19.26,GL,1603317315
11,kafanchan,9.58,8.3,69.91,80,0,1.59,NG,1603317623
12,cascais,38.7,-9.42,61.0,90,43,7.29,PT,1603317623
13,hithadhoo,-0.6,73.08,82.42,75,16,14.38,MV,1603317031
14,san cristobal,7.77,-72.22,89.6,55,40,10.29,VE,1603317056
15,samarai,-10.62,150.67,80.08,82,58,9.1,PG,1603317045
16,manadhoo,5.77,73.38,81.48,79,55,12.17,MV,1603317624
17,karratha,-20.74,116.85,66.36,50,82,7.43,AU,1603317281
18,dingle,11.0,122.67,76.48,91,76,6.71,PH,1603317625
19,atuona,-9.8,-139.03,77.83,70,0,16.2,PF,1603317031
20,dikson,73.51,80.55,23.23,95,94,10.94,RU,1603317582
21,punta arenas,-53.15,-70.92,48.2,54,90,6.93,CL,1603317626
22,fort abbas,29.19,72.85,72.3,21,0,7.9,PK,1603317626
23,rikitea,-23.12,-134.97,74.1,70,62,7.63,PF,1603317626
24,bilibino,68.05,166.44,20.95,96,86,1.81,RU,1603317375
25,busselton,-33.65,115.33,48.0,75,1,10.56,AU,1603317480
26,camocim,-2.9,-40.84,80.28,77,16,15.64,BR,1603317060
27,pevek,69.7,170.31,29.75,99,95,0.56,RU,1603317281
28,bluff,-46.6,168.33,57.0,62,100,4.0,NZ,1603317579
29,norman wells,65.28,-126.83,23.0,85,90,16.11,CA,1603317053
30,biak,-0.91,122.88,76.3,75,71,4.12,ID,1603317487
31,sao felix do xingu,-6.64,-51.99,83.3,54,65,1.63,BR,1603317206
32,clyde river,70.47,-68.59,17.6,72,1,4.7,CA,1603317650
33,tuatapere,-46.13,167.68,57.0,62,92,4.0,NZ,1603317602
34,waingapu,-9.66,120.26,79.16,76,0,1.88,ID,1603317399
35,elizabeth city,36.29,-76.25,78.8,69,1,9.17,US,1603317651
36,omboue,-1.57,9.26,76.86,88,100,7.2,GA,1603317651
37,verkhoyansk,67.54,133.38,9.32,94,100,2.06,RU,1603317651
38,kamareddi,18.32,78.35,70.61,91,72,4.34,IN,1603317652
39,hami,42.8,93.45,47.82,48,0,4.05,CN,1603317652
40,port-gentil,-0.72,8.78,78.51,84,78,11.05,GA,1603317652
41,provideniya,64.38,-173.3,39.2,86,90,4.47,RU,1603317065
42,nemuro,43.32,145.57,55.44,69,100,22.24,JP,1603317653
43,fort nelson,58.81,-122.7,24.8,58,75,6.93,CA,1603317055
44,buala,-8.14,159.59,82.42,74,98,8.32,SB,1603317653
45,tucuma,-0.18,-50.05,81.57,75,73,9.86,BR,1603317653
46,puerto ayora,-0.74,-90.35,77.0,69,20,13.87,EC,1603317654
47,tsabong,-26.02,22.4,82.4,24,0,20.0,BW,1603317675
48,tasiilaq,65.61,-37.64,28.4,86,100,3.36,GL,1603317675
49,cape town,-33.93,18.42,57.99,87,0,18.34,ZA,1603317613
50,ponta do sol,32.67,-17.1,64.4,63,40,5.82,PT,1603317593
51,airai,-8.93,125.41,63.03,68,4,1.41,TL,1603317491
52,hilo,19.73,-155.09,84.2,51,75,8.39,US,1603317540
53,upernavik,72.79,-56.15,25.88,95,88,6.2,GL,1603317668
54,kerch,45.36,36.48,57.27,54,56,1.14,UA,1603317697
55,nikolskoye,59.7,30.79,37.4,93,90,6.71,RU,1603317698
56,tiksi,71.69,128.87,10.67,94,100,5.35,RU,1603317652
57,avera,33.19,-82.53,80.6,61,1,9.17,US,1603317698
58,chara,56.91,118.26,9.79,82,61,1.86,RU,1603317698
59,thompson,55.74,-97.86,30.2,58,75,6.93,CA,1603317605
61,chuy,-33.7,-53.46,58.53,73,69,15.46,UY,1603317581
62,fairbanks,64.84,-147.72,26.01,92,90,1.5,US,1603317643
63,lebu,-37.62,-73.65,50.05,77,0,15.73,CL,1603317720
64,kaitangata,-46.28,169.85,57.85,52,95,1.32,NZ,1603317683
65,bobenheim-roxheim,49.59,8.36,61.0,73,69,5.01,DE,1603317721
66,bredasdorp,-34.53,20.04,55.4,87,0,3.36,ZA,1603317721
67,yellowknife,62.46,-114.35,26.01,79,90,13.87,CA,1603317701
68,sistranda,63.73,8.83,33.8,68,20,4.7,NO,1603317722
69,winchester,51.07,-1.32,55.99,87,20,12.75,GB,1603317722
70,imeni babushkina,59.76,43.13,30.43,96,95,6.76,RU,1603317722
71,saravan,39.72,45.65,57.2,62,40,6.93,AM,1603317723
72,vila franca do campo,37.72,-25.43,60.8,72,40,12.75,PT,1603317616
73,ibra,22.69,58.53,66.07,41,72,4.76,OM,1603317723
74,qaanaaq,77.48,-69.36,19.24,81,100,6.33,GL,1603317723
75,andenes,69.31,16.12,33.8,69,1,10.29,NO,1603317723
76,albany,42.6,-73.97,69.01,81,22,5.01,US,1603317629
77,new norfolk,-42.78,147.06,55.0,76,97,1.99,AU,1603317641
78,grindavik,63.84,-22.43,41.0,86,75,20.8,IS,1603317724
79,mataura,-46.19,168.86,57.0,62,97,4.0,NZ,1603317577
80,pasni,25.26,63.47,77.04,27,23,12.68,PK,1603317281
81,vardo,70.37,31.11,30.2,92,75,4.7,NO,1603317724
82,avarua,-21.21,-159.78,77.0,83,54,11.41,CK,1603317643
83,kongolo,-5.38,27.0,71.01,93,100,1.25,CD,1603317725
84,barrow,71.29,-156.79,33.8,96,90,14.99,US,1603317578
85,cockburn town,21.46,-71.14,80.6,74,40,9.17,TC,1603317725
86,kitimat,54.05,-128.65,43.0,82,86,2.24,CA,1603317574
87,omsukchan,62.53,155.8,12.76,90,0,6.96,RU,1603317726
88,kodiak,57.79,-152.41,43.39,63,98,9.26,US,1603317726
89,fortuna,40.6,-124.16,64.99,67,1,18.34,US,1603317726
90,sioux lookout,50.1,-91.92,33.8,86,90,2.24,CA,1603317544
91,glasgow,55.87,-4.26,51.8,87,75,5.82,GB,1603317542
92,liverpool,53.41,-2.98,55.4,82,75,13.87,GB,1603317479
93,grand bank,47.1,-55.77,54.0,87,75,6.93,CA,1603317727
94,riviere-du-loup,47.83,-69.53,39.6,99,100,8.7,CA,1603317512
95,emerald,-23.53,148.17,73.0,83,12,10.29,AU,1603317727
96,kabalo,-6.05,26.92,71.08,93,100,1.28,CD,1603317727
97,vaini,-21.2,-175.2,75.2,73,90,10.29,TO,1603317657
98,isangel,-19.55,169.27,82.4,69,20,9.17,VU,1603317728
99,susanville,40.42,-120.65,78.01,19,1,3.36,US,1603317728
100,el alto,-4.27,-81.21,66.29,80,39,18.25,PE,1603317728
101,chumikan,54.72,135.31,38.98,92,100,12.53,RU,1603317644
102,yaan,7.38,8.57,75.9,85,2,4.38,NG,1603317458
103,saint-philippe,-21.36,55.77,73.4,69,20,12.75,RE,1603317587
104,tuktoyaktuk,69.45,-133.04,21.2,79,75,11.41,CA,1603317743
105,bethel,41.37,-73.41,66.99,88,90,4.7,US,1603317750
106,ilulissat,69.22,-51.1,28.4,68,100,3.36,GL,1603317624
107,makakilo city,21.35,-158.09,84.2,70,1,9.17,US,1603317541
108,arraial do cabo,-22.97,-42.03,75.2,83,40,11.41,BR,1603317720
109,egvekinot,66.32,-179.17,32.58,100,85,6.38,RU,1603317751
110,tura,25.52,90.22,69.53,96,7,2.33,IN,1603317488
111,meulaboh,4.14,96.13,76.28,86,98,5.86,ID,1603317625
112,bandarbeyla,9.49,50.81,79.83,64,20,2.35,SO,1603317277
113,lagoa,39.05,-27.98,62.92,72,37,18.21,PT,1603317772
114,caravelas,-17.71,-39.25,75.29,79,100,6.69,BR,1603317773
115,mar del plata,-38.0,-57.56,54.0,54,0,14.99,AR,1603317552
116,breves,-1.68,-50.48,79.95,77,97,4.9,BR,1603317620
117,port elizabeth,-33.92,25.57,60.8,93,0,4.7,ZA,1603317766
118,tilichiki,60.47,166.1,38.03,95,100,6.6,RU,1603317773
119,east london,-33.02,27.91,65.37,80,2,13.89,ZA,1603317583
120,thinadhoo,0.53,72.93,82.51,77,37,13.15,MV,1603317312
121,tevriz,57.51,72.4,33.37,93,98,6.53,RU,1603317724
122,vanimo,-2.67,141.3,77.49,82,100,6.15,PG,1603317595
123,hovd,48.01,91.64,29.41,86,4,0.74,MN,1603317661
124,cranbrook,49.5,-115.77,39.2,69,75,5.82,CA,1603317655
125,butaritari,3.07,172.79,82.06,73,9,10.36,KI,1603317648
126,gat,31.61,34.76,73.99,72,0,6.98,IL,1603317817
127,sao filipe,14.9,-24.5,82.18,67,69,7.65,CV,1603317702
128,sitka,57.05,-135.33,39.2,41,1,9.17,US,1603317727
129,khatanga,71.97,102.5,3.94,92,0,8.34,RU,1603317590
130,nara,34.69,135.8,64.99,68,75,11.41,JP,1603317672
131,kruisfontein,-34.0,24.73,55.13,79,0,5.19,ZA,1603317817
132,macenta,8.54,-9.47,69.49,86,67,1.7,GN,1603317818
133,suclayin,15.76,121.55,75.49,86,100,3.62,PH,1603317818
134,turukhansk,65.82,87.98,22.59,98,97,5.23,RU,1603317818
135,obama,35.5,135.75,64.0,80,100,8.75,JP,1603317818
136,dabat,12.98,37.77,53.69,76,30,2.73,ET,1603317840
137,port hardy,50.7,-127.42,50.0,66,20,11.41,CA,1603317780
138,chippewa falls,44.94,-91.39,37.4,59,90,8.05,US,1603317602
139,nishihara,26.18,127.76,75.2,100,75,6.93,JP,1603317840
140,ripky,51.8,31.08,46.67,80,100,4.81,UA,1603317840
141,zhezkazgan,47.8,67.71,42.67,59,96,10.07,KZ,1603317841
142,quang ngai,15.12,108.8,70.07,87,100,10.18,VN,1603317841
143,zagreb,45.81,15.98,54.0,76,72,6.93,HR,1603317546
144,zhanaozen,43.3,52.8,39.81,71,25,1.59,KZ,1603317596
145,ishigaki,24.34,124.16,78.8,100,75,5.82,JP,1603317689
146,ternovka,51.68,41.64,36.3,93,100,4.34,RU,1603317842
147,nouakchott,18.09,-15.98,82.96,56,1,17.31,MR,1603317842
148,jamestown,42.1,-79.24,57.99,93,90,9.17,US,1603317637
149,harper,4.38,-7.72,78.31,85,100,7.18,LR,1603317842
150,xining,36.62,101.77,37.09,65,0,2.3,CN,1603317843
151,bengkulu,-3.8,102.27,77.11,84,100,2.51,ID,1603317603
152,dharchula,29.85,80.53,55.13,41,0,4.7,IN,1603317843
153,ammon,43.47,-111.97,57.0,43,75,33.33,US,1603317684
154,antofagasta,-23.65,-70.4,60.8,77,75,14.99,CL,1603317668
155,diamantino,-14.41,-56.45,78.78,69,74,3.6,BR,1603317843
156,peterongan,-7.54,112.28,76.14,88,99,3.15,ID,1603317844
157,kaohsiung,22.62,120.31,78.8,88,75,2.24,TW,1603317612
158,constitucion,-35.33,-72.42,55.65,72,4,12.8,CL,1603317795
159,karema,-6.82,30.44,75.63,74,96,2.98,TZ,1603317844
160,faanui,-16.48,-151.75,78.62,77,13,12.82,PF,1603317596
161,liwale,-9.77,37.93,72.88,68,75,3.76,TZ,1603317844
162,am timan,11.03,20.28,75.69,45,98,3.71,TD,1603317845
163,rio gallegos,-51.62,-69.22,57.2,47,96,6.93,AR,1603317800
164,pangoa,-12.12,-73.0,69.51,95,92,2.06,PE,1603317845
165,angoche,-16.23,39.91,76.57,84,0,7.02,MZ,1603317845
166,severo-kurilsk,50.68,156.12,42.3,69,82,16.73,RU,1603317598
167,lagoa santa,-19.63,-43.89,71.6,78,40,10.29,BR,1603317846
168,saskylakh,71.92,114.08,8.8,94,91,5.82,RU,1603317690
169,cherskiy,68.75,161.3,17.26,95,55,7.92,RU,1603317601
170,victoria,22.29,114.16,73.99,68,98,1.01,HK,1603317665
171,nome,64.5,-165.41,41.0,86,75,4.7,US,1603317719
172,ostroleka,53.09,21.58,52.0,76,100,1.01,PL,1603317847
173,kavaratti,10.57,72.64,80.74,78,100,15.97,IN,1603317847
174,katherine,-14.47,132.27,78.8,83,89,4.7,AU,1603317847
175,zyryanka,65.75,150.85,13.77,92,84,11.34,RU,1603317403
176,willowmore,-33.29,23.49,58.66,51,0,9.62,ZA,1603317847
177,butajira,8.12,38.37,58.21,55,0,6.96,ET,1603317612
178,bony,47.65,17.87,48.2,93,56,6.93,HU,1603317848
179,placido de castro,-10.34,-67.19,86.09,57,64,2.08,BR,1603317848
180,mnogovershinnyy,53.94,139.92,37.74,88,100,3.91,RU,1603317688
181,taltal,-25.4,-70.48,62.1,67,33,7.72,CL,1603317283
182,geraldton,-28.77,114.6,51.8,87,0,3.36,AU,1603317848
183,somvarpet,12.6,75.87,65.23,100,100,3.44,IN,1603317848
184,qujing,25.48,103.78,43.48,82,82,3.67,CN,1603317849
185,termoli,41.99,14.99,55.0,76,25,5.61,IT,1603317849
186,ancud,-41.87,-73.82,55.4,58,0,9.17,CL,1603317753
187,kloulklubed,7.04,134.26,77.0,83,90,14.99,PW,1603317849
188,ballina,-28.87,153.57,66.0,93,90,2.24,AU,1603317331
189,bambous virieux,-20.34,57.76,75.2,78,75,9.17,MU,1603317850
190,saldanha,-33.01,17.94,53.6,81,0,9.17,ZA,1603317846
191,waipawa,-41.41,175.52,60.8,63,4,17.22,NZ,1603317850
192,longyearbyen,78.22,15.64,17.6,78,20,3.36,SJ,1603317627
193,leningradskiy,69.38,178.42,36.07,82,100,6.58,RU,1603317850
194,kapaa,22.08,-159.32,84.0,74,90,4.7,US,1603317626
195,virginia beach,36.85,-75.98,77.0,65,75,8.05,US,1603317650
196,naze,28.37,129.48,78.8,88,75,11.41,JP,1603317851
197,castro,-24.79,-50.01,66.42,80,10,9.44,BR,1603317592
198,olinda,-8.01,-34.86,78.8,83,40,12.75,BR,1603317851
199,kahului,20.89,-156.47,87.8,45,1,8.05,US,1603317603
200,iqaluit,63.75,-68.51,32.0,94,75,8.05,CA,1603317529
201,paharpur,32.1,70.97,66.34,26,0,1.86,PK,1603317852
202,dire,12.28,-10.97,77.23,64,87,2.42,ML,1603317852
203,encruzilhada,-15.53,-40.91,73.85,68,89,8.05,BR,1603317852
204,polyarnyy,69.2,33.45,12.2,92,75,2.24,RU,1603317852
205,korem,12.51,39.52,52.61,66,1,3.85,ET,1603317612
206,vikulovo,56.82,70.61,32.11,98,60,7.14,RU,1603317853
207,husavik,66.04,-17.34,30.2,86,85,4.7,IS,1603317609
208,vikhorevka,56.12,101.16,35.6,96,75,4.47,RU,1603317853
209,roblin,51.23,-101.36,26.8,91,0,7.25,CA,1603317854
210,mahmudabad,27.3,81.12,69.8,88,40,4.14,IN,1603317854
211,esperance,-33.87,121.9,57.2,100,75,9.17,AU,1603317318
212,sao joao da barra,-21.64,-41.05,77.0,78,40,12.75,BR,1603317279
213,manoel urbano,-8.84,-69.26,77.65,81,77,2.04,BR,1603317876
215,praya,14.92,-23.51,80.6,78,62,18.34,CV,1603317876
216,nuevo progreso,23.17,-97.95,86.0,57,28,5.99,MX,1603317876
217,huarmey,-10.07,-78.15,67.84,72,26,10.31,PE,1603317876
218,beohari,24.05,81.38,67.59,38,30,1.5,IN,1603317877
219,aykhal,66.0,111.5,-0.4,91,90,5.93,RU,1603317691
220,hamilton,39.18,-84.53,69.8,83,90,4.7,US,1603317581
221,wilmington,34.23,-77.94,78.8,65,1,9.17,US,1603317370
222,dunedin,-45.87,170.5,55.99,59,99,8.01,NZ,1603317303
223,vao,-22.67,167.48,73.26,85,0,13.53,NC,1603317841
224,gorontalo,0.54,123.06,73.42,77,55,2.35,ID,1603317866
225,tambura,5.6,27.47,70.36,92,100,2.86,SS,1603317878
226,starobaltachevo,56.0,55.92,29.52,96,95,10.56,RU,1603317878
227,malakal,9.53,31.66,73.9,89,98,3.24,SS,1603317878
228,houma,29.6,-90.72,84.2,66,40,13.87,US,1603317659
229,kasongo,-4.45,26.67,70.11,98,83,1.88,CD,1603317878
230,bathsheba,13.22,-59.52,84.2,74,20,11.41,BB,1603317342
231,dauphin,51.15,-100.05,32.0,85,90,5.82,CA,1603317857
232,wanning,18.8,110.4,69.42,83,100,12.35,CN,1603317363
233,thomaston,32.89,-84.33,80.6,57,1,8.05,US,1603317900
234,hasaki,35.73,140.83,55.4,93,75,5.82,JP,1603317533
235,torbay,47.67,-52.73,48.0,93,90,10.29,CA,1603317710
236,cidreira,-30.18,-50.21,66.38,89,100,15.59,BR,1603317655
237,manta,-0.95,-80.73,84.2,62,40,18.34,EC,1603317901
238,faya,18.39,42.45,62.6,19,0,5.82,SA,1603317376
239,luderitz,-26.65,15.16,60.64,70,0,21.59,NA,1603317643
240,leshukonskoye,64.9,45.76,23.25,98,41,4.12,RU,1603317902
241,talnakh,69.49,88.4,12.2,85,40,15.66,RU,1603317902
242,robertsport,6.75,-11.37,79.16,85,100,8.72,LR,1603317902
243,klaksvik,62.23,-6.59,37.4,86,50,1.12,FO,1603317832
244,alamos,27.02,-108.93,99.0,33,0,5.99,MX,1603317612
245,jogighopa,26.23,90.58,73.6,85,0,3.78,IN,1603317903
246,honiara,-9.43,159.95,80.6,83,75,11.41,SB,1603317903
247,acarau,-2.89,-40.12,79.81,80,51,16.87,BR,1603317514
248,kondopoga,62.21,34.26,21.2,100,100,2.24,RU,1603317925
249,linxia,35.6,103.21,41.68,60,0,1.7,CN,1603317925
250,amuntai,-2.42,115.25,73.22,93,0,0.76,ID,1603317926
251,bandar-e lengeh,26.56,54.88,80.6,28,0,9.17,IR,1603317926
252,lasem,-6.69,111.45,78.98,79,100,4.43,ID,1603317926
253,bowen,-20.02,148.23,71.6,83,28,4.7,AU,1603317926
254,blandiana,45.97,23.38,35.6,93,73,2.24,RO,1603317927
255,karatuzskoye,53.61,92.87,34.07,88,32,5.37,RU,1603317927
256,kassala,15.45,36.4,81.43,42,0,8.39,SD,1603317927
257,narsaq,60.92,-46.05,32.0,90,100,3.36,GL,1603317927
258,qasigiannguit,68.82,-51.19,28.4,68,89,3.36,GL,1603317928
259,liaocheng,36.44,115.96,47.35,45,0,2.75,CN,1603317928
260,praia da vitoria,38.73,-27.07,60.8,67,75,19.8,PT,1603317928
261,palmer,42.16,-72.33,69.8,73,75,5.82,US,1603317929
262,namibe,-15.2,12.15,70.07,81,99,3.27,AO,1603317929
263,neuquen,-38.95,-68.06,71.6,24,0,10.29,AR,1603317929
264,kununurra,-15.77,128.73,78.8,94,84,4.7,AU,1603317929
265,neder vindinge,55.03,11.88,60.01,81,76,27.42,DK,1603317929
266,jasper,37.2,-94.35,84.0,54,20,12.75,US,1603317930
267,coruripe,-10.13,-36.18,76.64,84,1,8.77,BR,1603317930
268,anloga,5.79,0.9,80.6,88,40,8.05,GH,1603317930
269,tsalka,41.59,44.09,43.63,90,67,4.25,GE,1603317930
270,lavrentiya,65.58,-171.0,37.69,85,0,4.81,RU,1603317931
271,maralal,1.1,36.7,61.27,74,15,9.37,KE,1603317931
272,mizan teferi,6.98,35.58,61.07,89,1,2.55,ET,1603317931
273,bubaque,11.28,-15.83,82.06,83,97,11.52,GW,1603317910
274,kenai,60.55,-151.26,43.0,64,1,6.93,US,1603317866
275,aswan,24.09,32.91,74.98,31,0,1.97,EG,1603317932
276,sainte-rose,16.33,-61.7,84.2,74,55,6.93,GP,1603317932
277,lorengau,-2.02,147.27,82.02,76,96,8.55,PG,1603317932
278,bhadasar,28.28,74.32,74.14,40,0,5.1,IN,1603317932
279,sambava,-14.27,50.17,74.5,80,96,12.93,MG,1603317933
280,itoman,26.12,127.67,75.2,94,75,4.7,JP,1603317933
281,menongue,-14.66,17.69,70.27,35,53,5.97,AO,1603317905
282,lamar,33.67,-95.58,84.2,54,40,13.87,US,1603317934
283,zhigansk,66.77,123.37,14.59,96,99,2.59,RU,1603317698
284,miyako,39.64,141.95,57.45,75,100,9.57,JP,1603317934
285,laguna,38.42,-121.42,89.01,23,1,6.93,US,1603317934
286,evensk,61.95,159.23,32.4,87,0,4.36,RU,1603317802
287,tsilna,54.6,48.14,35.6,59,17,13.42,RU,1603317934
288,privolzhsk,57.38,41.29,28.9,96,7,3.76,RU,1603317935
289,bursa,40.17,29.08,55.4,93,5,2.24,TR,1603317683
290,caucaia,-3.74,-38.65,81.0,83,40,11.41,BR,1603317841
291,madingou,-4.15,13.55,75.0,89,79,1.68,CG,1603317935
292,nyuksenitsa,60.41,44.24,30.56,97,92,7.45,RU,1603317935
293,ribeira grande,38.52,-28.7,63.7,68,46,18.16,PT,1603317857
294,ukiah,39.15,-123.21,87.8,20,1,7.14,US,1603317936
295,roma,43.21,-75.46,62.6,82,90,16.11,US,1603317825
296,hohhot,40.81,111.65,32.0,77,0,8.95,CN,1603317932
297,kieta,-6.22,155.63,83.23,72,50,4.92,PG,1603317411
298,dalianwan,39.03,121.69,48.2,39,0,4.47,CN,1603317937
299,trairi,-3.28,-39.27,80.1,77,98,11.95,BR,1603317937
300,inhambane,-23.86,35.38,73.51,83,52,10.27,MZ,1603317937
301,cervo,43.67,-7.41,55.0,87,44,1.01,ES,1603317937
302,kavieng,-2.57,150.8,83.66,72,58,10.94,PG,1603317695
303,aklavik,68.22,-135.01,21.2,79,75,2.24,CA,1603317938
304,iaciara,-14.1,-46.63,74.88,79,100,6.31,BR,1603317938
306,baykit,61.67,96.37,38.05,88,100,6.04,RU,1603317938
307,oltu,40.55,42.0,49.03,68,0,0.76,TR,1603317939
308,panambi,-28.29,-53.5,74.32,68,0,15.37,BR,1603317960
310,jiaozuo,35.24,113.23,55.04,36,0,3.38,CN,1603317960
311,ketchikan,55.34,-131.65,44.6,70,40,13.87,US,1603317961
312,tautira,-17.73,-149.15,84.2,66,75,10.29,PF,1603317961
313,san patricio,28.02,-97.52,87.8,58,1,14.99,US,1603317913
314,georgetown,5.41,100.34,78.8,88,20,4.7,MY,1603317532
315,kudahuvadhoo,2.67,72.89,82.0,78,21,12.41,MV,1603317962
316,morlaix,48.58,-4.0,53.6,93,20,6.93,FR,1603317962
317,saint-joseph,-21.37,55.62,73.4,69,20,12.75,RE,1603317677
318,enkoping,59.64,17.08,50.0,93,100,6.93,SE,1603317963
319,la rioja,42.25,-2.5,59.0,76,23,1.12,ES,1603317963
320,sasina,44.8,16.74,44.6,87,79,3.36,BA,1603317963
321,ciudad ojeda,10.2,-71.31,84.34,69,1,3.18,VE,1603317963
322,lompoc,34.64,-120.46,69.8,72,1,11.41,US,1603317878
323,mahebourg,-20.41,57.7,75.2,78,75,9.17,MU,1603317769
324,pinawa,50.15,-95.88,35.24,83,91,5.84,CA,1603317964
325,san vicente,-26.62,-54.13,73.81,70,90,2.71,AR,1603317964
326,santiago del estero,-27.8,-64.26,79.48,46,1,8.99,AR,1603317819
327,maragogi,-9.01,-35.22,77.07,85,0,8.68,BR,1603317964
328,kifri,34.7,44.97,74.79,20,0,12.91,IQ,1603317965
329,araguaina,-7.19,-48.21,88.34,38,22,3.02,BR,1603317965
330,corowa,-36.03,146.38,57.0,87,0,1.01,AU,1603317965
331,olga,43.74,135.29,53.17,93,99,2.46,RU,1603317513
332,markova,48.68,24.41,45.41,62,100,5.99,UA,1603317965
333,temerloh,3.45,102.42,75.45,95,100,1.21,MY,1603317737
334,souillac,-20.52,57.52,75.2,78,75,9.17,MU,1603317966
335,banda aceh,5.56,95.32,80.89,73,100,6.62,ID,1603317966
336,darovskoy,58.77,47.96,31.51,94,99,9.93,RU,1603317966
337,boyolangu,-8.12,111.89,75.6,89,96,1.45,ID,1603317909
338,antalaha,-14.9,50.28,73.22,82,100,8.1,MG,1603317967
339,hohr-grenzhausen,50.43,7.67,62.01,83,44,7.94,DE,1603317967
340,mezen,65.85,44.24,25.63,97,13,1.92,RU,1603317967
341,khrebtovaya,56.7,104.25,33.58,100,100,6.2,RU,1603317967
342,sechelt,49.47,-123.77,57.0,65,0,3.0,CA,1603317786
343,komsomolskiy,40.43,71.72,51.8,35,75,4.7,UZ,1603317733
344,chaohu,31.6,117.87,59.0,100,67,4.47,CN,1603317968
345,kirakira,-10.45,161.92,84.11,69,18,7.38,SB,1603317671
346,oda,35.18,132.5,62.6,93,90,10.29,JP,1603317872
347,lakselv,70.05,24.97,24.8,92,60,19.46,NO,1603317968
348,college,64.86,-147.8,26.01,85,90,3.36,US,1603317818
349,yulara,-25.24,130.99,75.2,50,68,3.36,AU,1603317674
350,mattru,7.62,-11.83,74.73,96,100,1.5,SL,1603317699
351,champerico,14.3,-91.92,87.8,74,75,6.93,GT,1603317969
353,atambua,-9.11,124.89,75.0,71,6,2.75,ID,1603317882
354,chifeng,42.27,118.96,31.59,74,12,7.23,CN,1603317970
355,lodwar,3.12,35.6,87.96,35,16,10.51,KE,1603317970
356,griffith,41.53,-87.42,55.99,66,75,3.36,US,1603317821
357,sechura,-5.56,-80.82,72.97,61,26,18.07,PE,1603317970
358,rocha,-34.48,-54.33,54.7,74,48,9.98,UY,1603317268
359,amalapuram,16.58,82.02,76.68,93,100,2.59,IN,1603317970
360,ulaanbaatar,47.91,106.88,8.6,84,0,1.74,MN,1603317760
361,monrovia,6.3,-10.8,78.24,87,99,7.61,LR,1603317681
362,cam ranh,11.92,109.16,78.8,78,75,4.7,VN,1603317821
363,provost,52.35,-110.27,30.94,81,77,11.77,CA,1603317971
364,muscat,23.61,58.59,71.6,64,35,5.82,OM,1603317971
365,carnarvon,-24.87,113.63,64.4,77,90,11.41,AU,1603317787
366,cabo san lucas,22.89,-109.91,93.2,52,5,11.41,MX,1603317600
367,krasnoselkup,65.7,82.47,18.34,98,61,8.37,RU,1603317914
368,mayo,38.89,-76.51,73.99,88,1,10.29,US,1603317856
369,luorong,24.41,109.61,58.21,76,16,6.4,CN,1603317969
370,estelle,29.85,-90.11,82.99,71,0,5.01,US,1603317251
371,asmara,15.33,38.93,56.82,81,0,3.49,ER,1603317972
372,namatanai,-3.67,152.43,83.08,72,66,8.1,PG,1603317790
373,margate,51.38,1.39,57.99,90,49,1.99,GB,1603317858
374,beyneu,45.32,55.2,41.16,68,53,12.19,KZ,1603317847
375,kuruman,-27.45,23.43,75.99,38,44,9.37,ZA,1603317973
376,alice springs,-23.7,133.88,78.8,39,2,3.36,AU,1603317967
377,belmonte,-15.86,-38.88,78.8,69,5,12.75,BR,1603317963
378,leh,34.17,77.58,35.26,60,5,3.6,IN,1603317919
379,ponta delgada,37.73,-25.67,60.8,72,40,12.75,PT,1603317974
380,sinop,41.77,34.87,53.04,73,5,10.07,TR,1603317974
381,bonga,7.28,36.23,57.72,89,5,1.68,ET,1603317995
382,verkhnevilyuysk,63.45,120.32,16.9,97,81,3.49,RU,1603317996
383,mehamn,71.04,27.85,26.6,86,10,11.41,NO,1603317323
384,marzuq,14.4,46.47,69.42,25,15,4.54,YE,1603317967
385,matelandia,-25.24,-54.0,89.6,52,75,3.36,BR,1603317996
386,quelimane,-17.88,36.89,73.24,87,0,4.59,MZ,1603317996
387,deputatskiy,69.3,139.9,4.82,96,100,1.59,RU,1603317997
388,westport,41.14,-73.36,66.99,88,90,3.36,US,1603317934
389,sao jose de ribamar,-2.56,-44.05,80.6,78,87,13.87,BR,1603317724
390,kabansk,52.05,106.65,32.0,93,40,2.24,RU,1603317998
391,sorong,-0.88,131.25,78.42,84,100,5.3,ID,1603317910
392,nisia floresta,-6.09,-35.21,75.2,100,75,4.7,BR,1603317998
393,garissa,-0.45,39.64,78.03,71,75,17.05,KE,1603317998
394,kattivakkam,13.22,80.32,80.6,94,75,3.36,IN,1603317998
395,mabaruma,8.2,-59.78,79.5,81,71,4.45,GY,1603317962
397,trincomalee,8.57,81.23,80.89,79,26,17.85,LK,1603317645
398,batsfjord,70.63,29.72,26.6,86,15,11.41,NO,1603318001
399,jandaia do sul,-23.6,-51.64,80.6,61,75,11.41,BR,1603318021
400,mao,39.89,4.27,68.0,88,97,8.05,ES,1603317967
401,cabedelo,-6.98,-34.83,77.0,94,40,9.17,BR,1603318021
402,port blair,11.67,92.75,80.76,83,73,10.63,IN,1603318019
403,kodinsk,58.69,99.18,33.46,93,96,4.34,RU,1603318042
404,kaeo,-35.1,173.78,61.3,82,100,5.46,NZ,1603318043
405,vaitape,-16.52,-151.75,79.48,75,12,12.8,PF,1603318043
406,sobolevo,54.43,31.9,41.77,95,100,4.32,RU,1603317961
407,turmalina,-17.29,-42.73,70.59,83,78,4.05,BR,1603318043
408,saint-pierre,-21.34,55.48,73.4,69,20,12.75,RE,1603317883
409,guerrero negro,27.98,-114.06,75.2,63,7,14.45,MX,1603318044
410,loa janan,-0.58,117.09,74.41,94,7,2.95,ID,1603318044
411,marquette,46.53,-87.63,41.0,61,100,5.01,US,1603318044
412,ginda,30.69,78.49,52.0,57,15,4.14,IN,1603317774
413,salinas,36.68,-121.66,79.0,46,1,12.75,US,1603318023
414,soron,27.88,78.75,71.65,30,0,2.01,IN,1603318066
415,maniitsoq,65.42,-52.9,30.9,95,90,7.25,GL,1603317664
416,vilhena,-12.74,-60.15,80.85,56,77,4.16,BR,1603318066
417,chernenko,44.37,39.31,47.01,89,28,2.1,RU,1603318066
418,galesong,-5.32,119.37,73.4,94,20,2.24,ID,1603318066
419,ambilobe,-13.2,49.05,72.86,73,77,3.96,MG,1603317884
420,biloela,-24.42,150.5,72.7,72,52,11.5,AU,1603318067
421,port hawkesbury,45.62,-61.35,50.0,100,90,10.29,CA,1603318067
422,galbshtadt,53.23,78.98,48.63,48,98,13.58,RU,1603318067
423,sept-iles,50.2,-66.38,33.01,95,90,14.99,CA,1603317969
424,nemencine,54.85,25.48,46.99,100,90,12.75,LT,1603318089
425,vestmannaeyjar,63.44,-20.27,41.49,81,98,26.33,IS,1603317301
426,kemijarvi,66.71,27.43,28.15,97,100,9.71,FI,1603318089
427,sarh,9.14,18.39,78.8,78,20,3.13,TD,1603318089
428,adoni,15.63,77.28,71.94,95,100,5.41,IN,1603318089
429,pingliang,35.54,106.69,47.25,49,0,7.25,CN,1603318089
430,pine bluff,34.23,-92.0,84.2,48,1,8.05,US,1603317899
431,bam,29.11,58.36,61.81,21,0,9.04,IR,1603318090
432,fukuma,33.77,130.47,64.99,100,75,11.41,JP,1603318090
433,kyren,51.68,102.14,30.02,84,10,2.57,RU,1603318090
434,nioro,13.35,-15.75,78.71,86,81,6.51,GM,1603318090
435,marsaxlokk,35.84,14.54,66.0,77,6,4.7,MT,1603318091
436,codrington,-38.27,141.97,51.3,81,63,6.69,AU,1603317357
437,vila velha,-20.33,-40.29,77.0,83,75,5.82,BR,1603317967
438,cody,44.53,-109.06,39.0,86,90,13.87,US,1603318091
439,ayagoz,47.97,80.44,47.73,47,27,17.9,KZ,1603317875
440,andrews,32.32,-102.55,87.8,33,1,16.11,US,1603318091
441,rio grande,-32.03,-52.1,61.0,91,100,4.0,BR,1603317873
442,pimentel,-6.84,-79.93,64.98,80,57,16.55,PE,1603318092
443,turtas,58.94,69.13,30.4,99,88,5.53,RU,1603317610
444,havoysund,71.0,24.66,28.4,79,0,13.87,NO,1603318092
445,kemin,42.78,75.69,48.79,44,0,0.81,KG,1603318093
446,luanda,-8.84,13.23,75.74,83,62,10.54,AO,1603317577
447,hofn,64.25,-15.21,35.91,78,71,7.23,IS,1603317649
448,sakaraha,-22.9,44.53,70.0,40,0,2.95,MG,1603318093
449,kutum,14.2,24.67,75.65,17,0,11.61,SD,1603318093
450,baghdad,33.34,44.4,75.2,47,0,9.17,IQ,1603317483
451,soyo,-6.13,12.37,77.27,84,100,8.01,AO,1603317610
452,guymon,36.68,-101.48,62.6,77,20,5.82,US,1603318094
453,plesetsk,62.71,40.29,29.73,99,90,4.32,RU,1603318094
454,lappeenranta,61.06,28.19,37.4,100,90,9.17,FI,1603318094
455,poum,-20.23,164.02,76.6,74,3,8.08,NC,1603317927
456,adrar,20.5,-10.07,87.71,16,100,5.5,MR,1603317645
457,vostok,46.49,135.88,41.02,100,100,3.74,RU,1603317657
458,broome,42.25,-75.83,69.8,60,20,13.87,US,1603317644
459,nouadhibou,20.93,-17.03,71.6,94,0,16.11,MR,1603317965
460,chardara,41.25,67.97,55.17,57,100,15.35,KZ,1603318095
461,hay river,60.82,-115.8,24.8,79,75,18.34,CA,1603317597
462,alexandria,31.22,29.96,73.4,69,40,8.05,EG,1603317956
463,boa vista,2.82,-60.67,93.2,41,20,9.17,BR,1603317399
464,middelburg,-25.78,29.46,59.27,70,2,16.73,ZA,1603318096
465,jati,24.35,68.27,76.8,60,40,7.45,PK,1603318096
466,wuzhou,23.48,111.32,57.65,84,27,1.81,CN,1603318096
467,masyaf,35.07,36.34,71.6,78,16,4.7,SY,1603318097
468,ornskoldsvik,63.29,18.72,35.6,100,100,4.7,SE,1603318036
469,sinnamary,5.38,-52.95,81.45,76,4,10.71,GF,1603318097
470,ahipara,-35.17,173.17,59.68,84,100,6.17,NZ,1603317652
471,inverell,-29.78,151.12,62.01,89,100,4.76,AU,1603318097
472,benguela,-12.58,13.41,75.69,72,26,2.66,AO,1603317893
473,ulladulla,-35.35,150.47,62.01,100,75,5.82,AU,1603317817
474,batagay,67.63,134.63,9.34,95,100,2.15,RU,1603318098
475,wahpeton,46.27,-96.61,30.99,74,75,6.93,US,1603317869
476,beringovskiy,63.05,179.32,40.53,79,89,8.34,RU,1603317744
477,tall kayf,37.08,41.07,73.4,40,0,11.41,TR,1603318119
478,port hedland,-20.32,118.57,69.8,88,90,9.17,AU,1603318120
479,rio claro,-22.41,-47.56,73.47,67,32,12.12,BR,1603317668
480,mount gambier,-37.83,140.77,46.4,100,61,4.7,AU,1603317625
481,riyadh,24.69,46.72,66.2,24,0,5.82,SA,1603317961
482,san quintin,30.48,-115.95,71.76,67,13,10.49,MX,1603318120
483,atasu,48.68,71.64,46.45,65,100,12.06,KZ,1603318120
484,mobaye,4.32,21.18,70.48,95,88,0.69,CF,1603318121
485,necochea,-38.55,-58.74,54.0,58,0,14.0,AR,1603317567
486,khor,47.89,134.95,45.16,87,100,5.75,RU,1603318121
487,abu samrah,35.3,37.18,63.57,87,0,7.0,SY,1603318121
488,soe,-9.86,124.28,67.93,79,9,3.18,ID,1603318122
489,west wendover,40.74,-114.07,66.2,25,1,3.36,US,1603318053
490,villa del rosario,7.83,-72.47,89.6,55,40,10.29,CO,1603318122
491,alofi,-19.06,-169.92,75.2,94,90,14.99,NU,1603317626
492,portland,45.52,-122.68,60.01,54,40,10.29,US,1603317756
493,pedernales,18.04,-71.74,80.6,83,75,6.93,DO,1603317906
494,qaqortoq,60.72,-46.03,32.0,85,100,3.36,GL,1603317439
495,plastun,44.76,136.29,50.76,90,100,0.78,RU,1603318123
496,bonavista,48.65,-53.11,43.0,88,60,13.04,CA,1603317971
497,manicore,-5.81,-61.3,85.3,61,91,1.54,BR,1603318088
498,corralillo,22.98,-80.59,80.11,83,88,14.97,CU,1603318124
499,manyana,-23.4,21.72,78.89,24,4,15.52,BW,1603318124
500,san joaquin,37.93,-121.3,87.01,25,1,8.05,US,1603318124
501,salalah,17.02,54.09,80.6,88,20,3.36,OM,1603317969
502,praia,14.92,-23.51,80.6,78,62,18.34,CV,1603318049
503,tselinnoye,53.08,85.67,41.45,74,96,8.72,RU,1603318124
504,irbeyskoye,55.64,95.45,36.23,83,90,5.75,RU,1603318125
505,north vanlaiphai,23.13,93.07,61.68,100,100,1.12,IN,1603318073
506,presidencia roque saenz pena,-26.79,-60.44,89.51,37,52,8.3,AR,1603318146
507,defiance,41.33,-84.45,60.8,55,1,1.48,US,1603318146
508,semnan,35.57,53.4,56.48,58,0,5.79,IR,1603318147
509,ingham,42.6,-84.38,55.4,62,1,3.36,US,1603318147
510,little current,45.98,-81.92,48.99,76,90,19.46,CA,1603318147
511,tripoli,32.88,13.19,70.54,63,0,19.62,LY,1603318147
512,tabou,4.42,-7.35,77.68,87,100,6.58,CI,1603317581
513,sarakhs,36.54,61.16,55.4,66,0,4.7,IR,1603318147
514,zapolyarnyy,69.42,30.81,19.4,100,75,9.17,RU,1603318148
515,victor harbor,-35.57,138.62,57.99,83,100,7.61,AU,1603318148
516,wanaraja,-7.17,107.98,68.54,90,100,1.12,ID,1603318148
517,topolobampo,25.6,-109.05,97.0,44,5,14.99,MX,1603318148
518,pangai,-19.8,-174.35,77.0,73,75,13.87,TO,1603318127
519,red deer,52.27,-113.8,21.2,79,90,13.87,CA,1603318149
520,erice,38.04,12.59,69.01,82,0,8.05,IT,1603318149
521,atar,20.52,-13.05,88.81,23,29,5.61,MR,1603317655
522,nieuw amsterdam,5.88,-55.08,87.8,62,20,9.17,SR,1603318149
523,coahuayana,18.73,-103.68,84.2,74,40,11.41,MX,1603317584
524,yarmouth,41.71,-70.23,66.0,100,90,9.17,US,1603318149
525,edgewater,28.99,-80.9,82.4,74,75,10.29,US,1603317625
526,sebinkarahisar,40.29,38.42,49.96,67,0,1.21,TR,1603318150
527,tres arroyos,-38.37,-60.28,55.62,56,0,11.27,AR,1603318150
528,saurimo,-9.66,20.39,66.04,92,91,3.6,AO,1603318150
529,northam,51.03,-4.22,54.0,98,83,5.01,GB,1603317870
530,san jose,37.34,-121.89,90.0,28,20,6.93,US,1603317851
531,pacific grove,36.62,-121.92,80.01,53,1,6.93,US,1603317634
532,nelson bay,-32.72,152.15,69.01,77,100,2.24,AU,1603318151
533,las palmas,28.42,-14.01,73.4,69,20,3.36,ES,1603318151
535,coronel,-37.02,-73.13,60.8,63,0,13.87,CL,1603318152
536,durban,-29.86,31.03,66.99,88,75,5.82,ZA,1603318152
537,hualmay,-11.1,-77.61,66.94,73,19,11.03,PE,1603318152
538,moose factory,51.26,-80.61,32.0,98,90,3.36,CA,1603317855
539,port macquarie,-31.43,152.92,70.0,64,45,1.01,AU,1603317612
540,nadym,65.53,72.52,18.5,98,83,9.91,RU,1603317991
541,the valley,18.22,-63.06,86.0,70,20,5.82,AI,1603317885
542,catungan,10.77,122.01,77.54,89,99,4.99,PH,1603318153
543,pemangkat,1.17,108.97,77.7,89,100,6.58,ID,1603317926
544,broken hill,-31.95,141.43,66.2,32,39,5.82,AU,1603318153
545,rantepao,-2.97,119.9,64.92,87,22,2.21,ID,1603318153
546,sur,22.57,59.53,74.16,62,96,6.73,OM,1603317674
547,lincoln,40.8,-96.67,46.99,87,90,9.64,US,1603318086
548,brattleboro,42.85,-72.56,69.01,85,90,5.99,US,1603317917
549,penzance,50.12,-5.54,53.6,93,20,11.41,GB,1603317669
550,azul,-36.78,-59.86,57.0,67,71,11.99,AR,1603318154
551,requena,39.49,-1.1,57.0,66,68,1.01,ES,1603318154
552,fernie,49.5,-115.07,39.2,82,90,8.05,CA,1603318155
553,dalby,-27.18,151.27,62.6,93,40,9.17,AU,1603318155
554,yeniseysk,58.45,92.17,33.64,94,99,5.55,RU,1603318155
555,amos,48.57,-78.12,37.4,93,90,4.7,CA,1603318097
556,camacha,33.08,-16.33,64.4,68,20,11.41,PT,1603318155
557,kungurtug,50.6,97.52,25.83,89,14,2.37,RU,1603317648
558,ayorou,14.73,0.92,95.45,16,61,8.68,NE,1603318156
559,jibuti,11.5,42.5,86.0,37,1,6.49,DJ,1603318156
560,kulhudhuffushi,6.62,73.07,81.28,80,94,11.16,MV,1603318156
561,cabinda,-5.55,12.2,77.67,84,100,6.91,AO,1603318156
562,manono,-7.3,27.42,71.1,90,100,1.79,CD,1603318156
563,male,4.17,73.51,77.0,94,75,5.82,MV,1603318111
564,christchurch,-43.53,172.63,61.0,67,90,2.24,NZ,1603317928
565,kiama,-34.68,150.87,64.0,89,86,1.01,AU,1603318157
566,watsa,3.04,29.54,64.49,99,88,1.03,CD,1603317958
