,City,Lat,Lng,Max Temp,Humidity,Cloudiness,Wind Speed,Country,Date
0,hilo,19.73,-155.09,84.2,66,1,13.87,US,1602902240
1,anadyr,64.75,177.48,35.6,93,90,14.76,RU,1602902240
2,yellowknife,62.46,-114.35,25.0,85,90,16.11,CA,1602902241
3,tasiilaq,65.61,-37.64,33.8,74,94,21.92,GL,1602902241
4,lebu,-37.62,-73.65,49.84,94,81,2.82,CL,1602902190
5,sioux lookout,42.73,-96.23,51.01,37,75,8.05,US,1602902241
6,cape town,-36.41,-71.9,51.8,100,30,4.7,CL,1602902242
7,smithers,54.78,-127.17,37.4,93,75,1.88,CA,1602902205
8,ushuaia,-54.8,-68.3,41.0,65,40,19.46,AR,1602902242
9,baniachang,24.52,91.37,87.04,71,0,4.05,BD,1602902242
10,san jose de rio tinto,13.3,-4.9,82.78,41,72,8.12,ML,1602902242
11,mataura,-46.19,168.86,57.0,59,69,1.01,NZ,1602902242
12,ambilobe,-13.2,49.05,71.64,73,2,2.95,MG,1602902243
13,guerrero negro,17.67,-100.0,68.29,69,79,1.79,MX,1602902243
14,esmeraldas,-19.76,-44.31,64.4,93,90,11.41,BR,1602902243
15,pisco,-13.7,-76.22,63.0,82,0,14.99,PE,1602902243
16,bethel,41.37,-73.41,46.99,93,90,8.05,US,1602902243
17,katsuura,35.13,140.3,55.0,91,100,3.0,JP,1602902230
18,havre-saint-pierre,50.23,-63.6,48.2,93,90,17.22,CA,1602902244
19,tuktoyaktuk,69.45,-133.04,21.2,85,90,18.34,CA,1602902244
20,belaya gora,49.03,25.77,53.01,91,100,4.0,UA,1602902244
21,rikitea,-23.12,-134.97,74.46,80,100,19.01,PF,1602902244
22,busselton,-33.65,115.33,71.01,40,0,5.39,AU,1602902244
23,venado tuerto,22.93,-101.08,59.63,78,29,11.48,MX,1602902245
24,victoria,22.29,114.16,81.0,69,19,3.0,HK,1602902245
25,hirara,24.8,125.28,82.4,69,75,16.11,JP,1602902245
26,brun,39.53,46.31,47.8,51,0,5.57,AM,1602902245
27,nuevo progreso,33.8,-117.15,84.2,9,1,9.17,US,1602902246
28,hasanabad,36.55,61.05,46.4,45,0,2.15,IR,1602902246
29,isoka,-10.16,32.63,60.1,84,15,2.19,ZM,1602902246
30,punta arenas,8.99,125.34,85.6,65,16,6.26,PH,1602902246
31,maniitsoq,65.42,-52.9,40.59,92,100,43.82,GL,1602902246
32,grand river south east,38.88,-109.5,53.6,13,1,5.82,US,1602902247
33,saskylakh,71.92,114.08,5.79,93,97,4.32,RU,1602902247
34,haines junction,59.23,-135.44,37.4,29,1,8.05,US,1602902247
35,port lincoln,-7.03,29.76,76.98,57,93,2.89,CD,1602902247
36,codrington,-38.27,141.97,54.61,81,94,16.8,AU,1602902247
37,sao filipe,20.51,76.21,76.6,82,64,5.23,IN,1602902012
38,kavaratti,10.57,72.64,81.57,76,1,15.79,IN,1602902248
39,arman,59.7,150.17,34.52,72,2,6.02,RU,1602902248
40,dongfeng,42.64,125.51,57.0,38,0,19.64,CN,1602902248
41,westport,41.14,-73.36,48.99,98,100,9.46,US,1602902106
42,ancud,-41.87,-73.82,48.0,93,75,11.41,CL,1602902248
43,borovskoy,53.8,64.15,51.12,51,84,17.56,KZ,1602902249
44,krasnoselkup,65.7,82.47,30.58,99,100,19.04,RU,1602902249
45,castro,-24.79,-50.01,52.66,91,50,9.86,BR,1602902249
46,richards bay,46.84,-95.91,33.8,59,1,4.7,US,1602902249
47,banda aceh,25.48,80.33,85.6,57,0,5.5,IN,1602902250
48,jamestown,42.1,-79.24,37.0,64,1,4.7,US,1602902250
49,avarua,-21.21,-159.78,77.0,69,84,10.29,CK,1602902250
50,albany,42.6,-73.97,46.99,76,100,7.87,US,1602902250
51,arraial do cabo,-22.84,-46.65,64.99,72,68,14.99,BR,1602902250
52,coquimbo,-29.95,-71.34,53.6,87,1,3.36,CL,1602902015
53,hithadhoo,-0.6,73.08,83.73,72,8,20.15,MV,1602902251
54,datong,40.09,113.29,53.22,36,0,10.42,CN,1602902251
55,carnarvon,-24.87,113.63,75.2,69,0,17.22,AU,1602902251
56,biltine,14.53,20.92,81.07,16,46,6.11,TD,1602902251
57,upernavik,72.79,-56.15,39.54,73,100,2.73,GL,1602902251
58,muros,42.78,-9.06,50.0,91,100,1.99,ES,1602902251
59,qaanaaq,77.48,-69.36,28.02,88,55,5.23,GL,1602902252
60,pirenopolis,-15.85,-48.96,72.68,74,99,5.61,BR,1602902017
61,mount isa,53.66,-1.85,46.99,95,94,1.01,GB,1602902252
62,dikson,73.51,80.55,17.96,95,4,15.03,RU,1602902252
63,saint-philippe,-21.36,55.77,71.01,52,1,4.7,RE,1602902203
64,chuy,-33.7,-53.46,56.01,92,0,9.6,UY,1602902253
65,hayden,47.77,-116.79,57.0,76,75,10.29,US,1602902253
66,marsh harbour,53.65,-1.81,46.99,95,96,1.01,GB,1602902253
67,mongu,-15.25,23.13,69.55,41,0,7.14,ZM,1602902253
68,kattivakkam,13.22,80.32,78.8,94,90,2.24,IN,1602902254
69,lagoa,39.05,-27.98,63.09,66,81,8.93,PT,1602902254
70,vaini,-21.2,-175.2,78.8,83,75,16.11,TO,1602902178
71,chapais,49.78,-74.85,33.8,100,90,0.78,CA,1602902254
72,kondinskoye,59.65,67.41,31.84,95,68,6.51,RU,1602902254
73,bengkulu,-3.8,102.27,84.0,65,44,2.98,ID,1602902252
74,port alfred,-7.03,29.76,76.98,57,93,2.89,CD,1602902200
75,port elizabeth,-7.03,29.76,76.98,57,93,2.89,CD,1602902200
76,padang,-0.95,100.35,85.6,58,98,3.51,ID,1602902255
77,airai,-8.93,125.41,81.59,38,17,3.91,TL,1602902255
78,mar del plata,43.4,-4.01,50.0,100,100,5.1,ES,1602902255
79,caravelas,-17.71,-39.25,74.01,80,100,10.42,BR,1602902256
80,quibdo,5.69,-76.66,75.09,96,100,2.42,CO,1602902256
81,bendigo,-36.77,144.28,60.39,90,100,9.06,AU,1602902256
82,ankazobe,-18.32,47.12,62.6,88,75,8.05,MG,1602902256
83,novikovo,51.15,37.89,45.68,89,31,6.42,RU,1602902257
84,lakes entrance,61.61,-149.31,36.0,69,75,3.36,US,1602902257
85,jos,9.92,8.9,67.3,68,3,2.75,NG,1602902257
86,merauke,-8.47,140.33,84.56,59,77,16.6,ID,1602902257
87,bredasdorp,-34.53,20.04,53.6,100,60,4.7,ZA,1602902187
88,bluff,-46.6,168.33,57.0,59,29,1.01,NZ,1602902258
89,biak,-0.91,122.88,75.63,89,100,5.44,ID,1602902258
90,portland,45.52,-122.68,63.0,67,75,4.63,US,1602901939
91,east london,65.0,-15.0,35.6,93,90,9.17,IS,1602902258
92,rabaul,-4.2,152.17,83.03,70,90,5.14,PG,1602902258
93,loreto,22.27,-101.97,58.01,74,8,14.79,MX,1602902259
94,sinnamary,5.38,-52.95,78.64,80,32,9.91,GF,1602902259
95,vao,-22.67,167.48,69.76,69,0,14.92,NC,1602902203
96,vostok,46.49,135.88,42.06,61,0,9.64,RU,1602902259
97,sierra vista,5.15,-74.99,68.16,80,81,6.11,CO,1602902259
98,vardo,70.37,31.11,37.62,74,100,10.29,NO,1602902260
99,tiksi,71.69,128.87,25.9,98,100,8.46,RU,1602902260
100,ponta do sol,38.73,-28.27,59.97,68,80,6.42,PT,1602902260
101,shenjiamen,29.96,122.3,67.1,71,66,16.89,CN,1602902261
102,kapaa,22.08,-159.32,82.4,74,1,9.17,US,1602902261
103,thompson,55.74,-97.86,26.6,92,75,9.17,CA,1602902179
104,turukhansk,65.82,87.98,28.08,98,100,16.35,RU,1602902261
105,bogorodskoye,56.55,37.88,31.41,98,8,3.56,RU,1602902262
106,longyearbyen,78.22,15.64,24.8,68,40,10.29,SJ,1602902178
107,podporozhye,60.91,34.17,30.47,98,25,3.33,RU,1602902262
108,maryville,35.76,-83.97,50.0,57,1,3.36,US,1602902262
109,hurghada,27.26,33.81,75.2,53,0,6.93,EG,1602902262
110,tigil,57.8,158.67,39.43,71,99,15.97,RU,1602902263
111,tervel,43.75,27.4,62.01,82,59,1.01,BG,1602902263
112,pevek,69.7,170.31,35.89,83,20,13.47,RU,1602902263
113,erenhot,43.65,111.98,48.16,43,13,11.68,CN,1602902263
114,hobart,-42.88,147.33,51.01,76,75,4.7,AU,1602902025
115,chokurdakh,70.63,147.92,28.44,98,100,7.02,RU,1602902264
116,santa marta,17.49,120.43,86.59,62,68,2.51,PH,1602902264
117,barrow,71.29,-156.79,17.6,72,1,23.04,US,1602902264
118,jalu,29.03,21.55,76.96,32,0,14.03,LY,1602902264
119,new norfolk,6.65,-10.59,72.81,97,82,1.39,LR,1602902062
120,cidreira,-30.18,-50.21,64.06,79,1,19.73,BR,1602902265
121,union city,40.63,-74.27,51.8,87,90,4.7,US,1602902205
122,florianopolis,-27.61,-48.5,62.6,88,2,2.24,BR,1602902265
123,hermanus,-34.42,19.23,52.0,96,42,4.5,ZA,1602902181
124,newport,51.59,-3.0,50.0,95,33,7.72,GB,1602902266
125,asyut,27.18,31.18,71.6,68,0,13.87,EG,1602902266
126,mae hong son,34.82,108.93,53.6,66,0,6.71,CN,1602902266
127,atuona,-9.8,-139.03,78.73,73,1,18.48,PF,1602902266
128,puerto ayacucho,36.59,-6.23,51.8,93,3,3.36,ES,1602902266
129,brae,60.4,-1.35,41.0,93,100,8.05,GB,1602902267
130,shingu,33.73,135.98,59.0,93,75,3.36,JP,1602902267
131,ampanihy,-24.7,44.75,66.81,76,98,14.25,MG,1602902267
132,borogontsy,62.67,131.17,21.15,94,100,3.0,RU,1602902267
133,tazovskiy,67.47,78.7,28.45,98,100,23.85,RU,1602902267
134,valley city,45.13,-116.13,46.4,65,40,5.68,US,1602902267
135,thinadhoo,0.53,72.93,82.76,77,47,18.66,MV,1602902268
136,tessalit,20.2,1.01,81.32,16,0,8.66,ML,1602902268
137,mys shmidta,62.06,48.62,33.01,95,100,7.61,RU,1602902268
138,butaritari,3.07,172.79,81.93,76,4,13.4,KI,1602902180
139,poya,-21.35,165.15,73.71,72,44,12.01,NC,1602902268
140,bereda,43.27,-7.54,46.99,100,100,1.99,ES,1602902269
141,russell,32.35,-85.2,60.8,76,1,5.82,US,1602902269
142,kahului,20.89,-156.47,87.8,48,40,8.05,US,1602901995
143,pietarsaari,63.65,22.68,45.0,93,90,8.05,FI,1602902269
144,arlit,18.74,7.39,86.97,14,0,5.35,NE,1602902270
145,puerto ayora,36.59,-6.23,51.8,93,3,3.36,ES,1602902270
146,wanning,18.8,110.4,78.6,86,100,21.07,CN,1602902270
147,sanwer,22.98,75.83,78.8,83,20,7.36,IN,1602902270
148,hamilton,39.18,-84.53,45.0,80,1,4.79,US,1602902214
149,kayerkan,69.35,87.76,23.0,79,28,22.37,RU,1602902271
150,kavieng,-2.57,150.8,84.27,71,97,12.46,PG,1602902271
151,coihaique,-45.58,-72.07,48.2,76,12,2.24,CL,1602902010
152,sorong,-0.88,131.25,79.3,81,100,5.53,ID,1602902271
153,peterhead,57.51,-1.8,46.99,87,90,10.29,GB,1602902095
154,mukhen,48.1,136.1,47.52,52,1,12.86,RU,1602902271
155,charlestown,-32.95,151.67,86.0,52,92,8.12,AU,1602902272
156,udayagiri,20.13,84.38,76.19,89,1,1.63,IN,1602902272
157,urumqi,43.8,87.6,48.2,42,0,6.71,CN,1602902272
158,hofn,64.25,-15.21,45.19,70,100,10.8,IS,1602902272
159,dunedin,-45.87,170.5,46.99,65,76,25.99,NZ,1602902272
160,warrensburg,38.76,-93.74,46.4,56,40,5.82,US,1602902190
161,arroyo,41.61,-4.8,39.2,59,100,4.7,ES,1602902273
162,iisalmi,63.56,27.19,37.4,93,20,10.29,FI,1602902273
163,paamiut,61.99,-49.67,42.69,78,100,38.18,GL,1602902273
164,colares,38.8,-9.45,57.0,87,96,1.28,PT,1602902273
165,orlik,52.52,99.83,27.88,88,100,5.48,RU,1602902273
166,milazzo,38.22,15.24,62.01,75,90,7.0,IT,1602902274
167,mau,25.95,83.55,85.46,61,0,1.54,IN,1602902274
168,york,40.13,-77.0,46.4,70,1,3.36,US,1602902274
169,san patricio,13.3,-4.9,82.78,41,72,8.12,ML,1602902274
170,touros,-5.2,-35.46,77.0,83,20,5.82,BR,1602902274
171,gat,31.61,34.76,71.01,71,1,3.78,IL,1602902104
172,miranda de ebro,3.25,-76.23,75.2,73,40,6.93,CO,1602902275
173,bandarbeyla,9.49,50.81,78.4,83,0,16.71,SO,1602902275
174,benguela,-12.58,13.41,75.2,79,100,2.33,AO,1602902275
175,grand gaube,38.88,-109.5,53.6,13,1,5.82,US,1602902247
176,taoudenni,22.68,-3.98,82.56,21,0,8.63,ML,1602902276
177,margate,51.38,1.39,51.01,66,100,7.09,GB,1602902276
178,gobabis,-22.45,18.97,65.82,30,17,11.65,NA,1602902276
179,copiapo,-27.37,-70.33,55.4,82,0,5.82,CL,1602902276
180,mersing,2.43,103.84,87.8,74,20,5.82,MY,1602902277
181,kirakira,-10.45,161.92,83.61,70,32,4.52,SB,1602902277
182,dingle,11.0,122.67,85.75,71,61,3.06,PH,1602902277
183,hamakita,34.8,137.78,61.0,100,90,2.24,JP,1602902277
184,labuhan,-6.88,112.21,88.3,52,97,4.94,ID,1602902278
185,tatawin,32.93,10.45,68.0,64,19,11.41,TN,1602902278
186,sarakhs,36.54,61.16,46.4,45,0,2.33,IR,1602902278
187,beausejour,50.06,-96.52,26.01,99,1,3.0,CA,1602902278
188,beringovskiy,63.05,179.32,39.36,81,92,8.68,RU,1602902278
189,mayo,38.89,-76.51,53.6,87,90,4.7,US,1602902279
190,lavrentiya,65.58,-171.0,38.84,95,100,13.4,RU,1602902279
191,vama,47.57,25.68,51.01,100,40,8.05,RO,1602902279
192,karpogory,64.0,44.45,29.75,97,78,8.25,RU,1602902279
193,kaitangata,-46.28,169.85,50.0,63,92,17.0,NZ,1602902279
194,georgetown,5.41,100.34,86.0,74,20,3.36,MY,1602902280
195,vestmannaeyjar,63.44,-20.27,44.82,67,94,4.79,IS,1602902280
196,kardailovo,51.54,53.9,55.22,80,100,13.73,RU,1602902280
197,crab hill,37.27,-76.49,57.2,82,90,3.36,US,1602902280
198,mahibadhoo,3.78,72.97,82.35,75,9,13.58,MV,1602902280
199,rancho palos verdes,-23.02,-52.96,70.83,68,48,12.06,BR,1602902281
200,shakiso,5.75,38.92,57.33,95,67,2.68,ET,1602902281
201,emerald,-23.53,148.17,84.2,32,0,17.22,AU,1602902281
202,rincon,32.3,-81.24,75.2,60,90,11.41,US,1602902281
203,poum,-20.23,164.02,73.31,79,30,9.69,NC,1602902282
204,jaffna,9.67,80.01,82.92,76,62,12.1,LK,1602902282
205,bulungu,-4.55,18.6,69.85,96,97,1.83,CD,1602902282
206,san cristobal,13.3,-4.9,82.78,41,72,8.12,ML,1602902274
207,gloversville,43.05,-74.34,44.01,88,100,1.99,US,1602902282
208,hasaki,35.73,140.83,54.0,100,75,11.41,JP,1602902282
209,banjar,-8.19,114.97,84.2,70,20,6.93,ID,1602902283
210,aykhal,66.0,111.5,12.2,92,0,2.24,RU,1602902283
211,tudela,42.06,-1.6,35.6,80,6,3.06,ES,1602902283
212,petropavlovsk-kamchatskiy,53.05,158.65,44.6,56,40,4.47,RU,1602902283
213,hambantota,6.12,81.12,80.6,78,40,6.93,LK,1602902283
214,shahrud,36.42,54.98,48.72,46,0,1.9,IR,1602902284
215,trairi,-3.28,-39.27,78.93,76,37,13.4,BR,1602902284
216,naze,28.37,129.48,80.6,69,75,10.29,JP,1602902284
217,lorengau,-2.02,147.27,83.62,78,100,8.46,PG,1602902284
218,baruun-urt,46.68,113.28,45.37,54,98,11.54,MN,1602902284
219,alyangula,-13.85,136.42,86.0,58,90,11.41,AU,1602902170
220,rafai,4.95,23.92,65.91,98,53,1.72,CF,1602902285
221,nichinan,31.6,131.37,60.8,93,75,18.34,JP,1602902285
222,nikolskoye,59.7,30.79,33.8,80,76,2.24,RU,1602902285
223,esperance,-33.87,121.9,64.4,59,75,8.05,AU,1602902285
224,lasa,46.62,10.7,43.0,100,75,5.82,IT,1602902285
225,kaili,-3.46,120.21,70.38,95,100,2.15,ID,1602902286
226,sterling,39.01,-77.43,52.0,81,1,5.1,US,1602902198
227,clyde river,41.3,-82.98,44.01,62,0,8.25,US,1602902286
228,scarborough,54.28,-0.4,46.99,92,100,1.99,GB,1602902153
229,khani,41.96,42.96,50.0,93,0,2.24,GE,1602902286
230,hohhot,40.81,111.65,42.8,38,0,2.24,CN,1602902287
231,evensk,61.95,159.23,37.67,68,0,13.4,RU,1602902287
232,bambous virieux,-20.26,57.41,71.01,88,40,5.82,MU,1602902287
233,setermoen,68.86,18.35,35.6,93,100,4.7,NO,1602902287
234,souillac,-20.52,57.52,69.8,88,40,5.82,MU,1602902287
235,kashi,39.45,75.98,51.8,40,40,6.71,CN,1602902288
236,sistranda,63.73,8.83,46.4,81,75,27.51,NO,1602902288
237,samarai,-10.62,150.67,79.45,84,7,12.1,PG,1602902288
238,shunyi,40.12,116.65,70.0,33,0,2.24,CN,1602902288
239,sorland,67.67,12.69,42.37,87,100,24.23,NO,1602902288
240,dallas,32.77,-96.78,61.0,41,20,4.7,US,1602902065
241,aden,12.78,45.04,84.07,65,0,10.71,YE,1602902028
242,atagay,55.1,99.39,38.86,72,100,6.62,RU,1602902289
243,kabompo,-13.59,24.2,64.22,53,2,5.06,ZM,1602902289
244,valparaiso,-33.04,-71.63,53.6,100,90,3.36,CL,1602901998
245,vestmanna,62.16,-7.17,42.8,87,67,16.11,FO,1602902289
246,narsaq,60.92,-46.05,37.4,74,100,3.36,GL,1602902290
247,takoradi,4.88,-1.76,75.63,90,99,6.53,GH,1602902290
248,vila velha,42.03,-8.16,43.0,90,100,3.0,PT,1602902290
249,mollendo,-17.02,-72.01,62.38,79,81,4.43,PE,1602902290
250,nome,64.5,-165.41,39.2,86,90,29.97,US,1602902291
251,shiloh,38.56,-89.9,48.0,56,1,3.22,US,1602902291
252,faanui,-16.48,-151.75,79.68,78,36,9.1,PF,1602902291
253,medina,24.47,39.61,75.2,15,0,6.93,SA,1602902281
254,nirmali,26.32,86.58,84.29,66,0,3.76,IN,1602902292
255,grindavik,63.84,-22.43,41.0,93,75,8.05,IS,1602902292
256,viransehir,37.24,39.76,66.63,31,0,4.0,TR,1602902292
257,swellendam,-34.02,20.44,53.6,100,100,4.7,ZA,1602902292
258,havelock,34.88,-76.9,59.0,91,97,11.32,US,1602902126
259,guadalajara,20.67,-103.33,69.8,49,40,5.82,MX,1602902077
260,ponta delgada,38.73,-28.27,59.97,68,80,6.42,PT,1602902293
261,sao felix do xingu,20.51,76.21,76.6,82,64,5.23,IN,1602902012
262,mgandu,-5.95,34.13,57.79,93,0,8.57,TZ,1602902293
263,pangnirtung,66.15,-65.71,37.6,84,100,5.01,CA,1602902194
264,kruisfontein,-34.0,24.73,61.03,72,85,5.99,ZA,1602902185
265,mabaruma,8.2,-59.78,75.96,91,2,3.2,GY,1602902294
266,severo-kurilsk,50.68,156.12,43.57,66,83,25.66,RU,1602902294
267,iqaluit,63.75,-68.51,33.8,97,90,6.93,CA,1602902294
268,beaverlodge,55.22,-119.44,24.8,73,75,5.82,CA,1602902294
269,leningradskiy,69.38,178.42,34.77,88,90,7.45,RU,1602902200
270,myre,69.1,15.95,39.2,93,75,4.7,NO,1602902295
271,rio gallegos,38.3,21.78,68.0,64,20,7.34,GR,1602902295
272,mad,48.2,21.28,46.4,100,90,2.24,HU,1602902295
273,norman wells,35.22,-97.44,55.4,45,1,6.93,US,1602902295
274,tuatapere,-46.13,167.68,57.0,59,56,1.01,NZ,1602902295
275,kholodnyy,62.72,147.95,22.01,89,100,4.92,RU,1602902295
276,batagay-alyta,67.8,130.41,19.06,81,100,2.24,RU,1602902296
277,pavino,59.11,46.14,31.37,96,50,7.67,RU,1602902296
278,praia da vitoria,14.92,-23.51,77.0,88,100,5.82,CV,1602902296
279,kabo,7.7,18.63,70.7,95,100,1.99,CF,1602902296
280,saint-augustin,51.23,-58.65,45.48,93,15,2.84,CA,1602902296
281,riyadh,24.69,46.72,64.4,34,0,2.24,SA,1602902226
282,ribeira grande,42.75,-8.44,50.0,87,100,5.82,ES,1602902297
283,acari,-15.43,-74.62,65.86,70,58,4.72,PE,1602902297
284,talnakh,69.49,88.4,23.0,79,33,22.37,RU,1602902297
285,kismayo,-0.36,42.55,78.62,82,57,12.06,SO,1602902298
286,sao jose da coroa grande,20.51,76.21,76.6,82,64,5.23,IN,1602902012
287,saiha,22.48,92.97,85.32,54,98,0.13,IN,1602902298
288,kapoeta,4.77,33.59,75.45,74,7,4.36,SS,1602902298
289,qui nhon,-10.97,-37.6,78.8,69,40,11.41,BR,1602902298
290,waipawa,-41.41,175.52,54.0,81,100,16.11,NZ,1602902299
291,san antonio,13.3,-4.9,82.78,41,72,8.12,ML,1602902261
292,opuwo,-18.06,13.84,65.17,54,45,3.13,NA,1602902299
293,tambun,-6.26,107.07,95.0,70,20,3.36,ID,1602902299
294,cabra,37.47,-4.44,52.0,67,6,2.15,ES,1602902299
295,soe,-9.86,124.28,90.64,26,11,7.61,ID,1602902299
296,marrakesh,31.63,-8.01,55.4,62,0,2.24,MA,1602902300
297,hosakote,14.28,77.17,73.76,76,0,3.74,IN,1602902300
298,shimoda,34.67,138.95,57.2,93,75,23.04,JP,1602902300
299,jishou,28.32,109.72,57.96,86,100,0.29,CN,1602902051
300,paita,-5.09,-81.11,63.39,86,36,7.99,PE,1602902301
301,guarapari,-20.67,-40.5,71.6,78,90,9.17,BR,1602902301
302,pacific grove,38.48,-90.74,46.0,64,1,3.13,US,1602902301
303,kamenka,51.32,42.77,46.0,91,9,5.23,RU,1602902301
304,singaparna,-7.35,108.11,81.09,64,66,4.14,ID,1602902301
305,cartagena,10.4,-75.51,81.7,85,4,13.09,CO,1602902302
306,bozova,37.36,38.53,69.8,32,0,4.7,TR,1602902302
307,troitsko-pechorsk,62.71,56.2,29.57,98,95,6.13,RU,1602902302
308,tura,25.52,90.22,83.7,72,33,2.44,IN,1602902302
309,andenes,69.31,16.12,39.2,93,75,4.7,NO,1602902303
310,meulaboh,4.14,96.13,83.1,70,87,4.65,ID,1602902303
311,maracaju,-21.61,-55.17,72.12,78,89,7.38,BR,1602902303
312,taft,31.75,54.21,44.6,19,0,2.17,IR,1602902303
313,torbay,47.67,-52.73,50.0,100,90,2.8,CA,1602902114
314,mogoytuy,51.28,114.92,35.47,72,0,11.14,RU,1602902304
315,tiznit,29.58,-9.5,56.34,77,100,2.13,MA,1602902304
316,minas,-34.38,-55.24,60.8,87,0,14.99,UY,1602902304
317,hualmay,-11.1,-77.61,62.62,85,31,8.01,PE,1602902182
318,maceio,-9.67,-35.74,71.6,94,40,3.36,BR,1602902304
319,gotsu,35.0,132.22,60.8,72,75,2.24,JP,1602902305
320,chandbali,20.78,86.77,84.15,73,0,4.61,IN,1602902305
321,yulara,-25.24,130.99,91.4,19,56,11.41,AU,1602902305
322,shihezi,44.3,86.03,54.34,38,0,6.35,CN,1602902305
323,mehamn,71.04,27.85,30.2,86,40,5.82,NO,1602902305
324,tateyama,34.98,139.87,57.2,93,75,23.04,JP,1602902306
325,koumac,-20.57,164.28,73.17,78,62,15.55,NC,1602902306
326,sawakin,19.11,37.33,80.92,69,0,7.4,SD,1602902306
327,zambezi,-13.54,23.1,66.52,51,0,6.51,ZM,1602902306
328,provideniya,64.38,-173.3,38.91,91,8,8.72,RU,1602902306
329,berlevag,70.86,29.09,30.2,86,40,5.82,NO,1602902306
330,port macquarie,-7.03,29.76,76.98,57,93,2.89,CD,1602902247
331,deming,32.27,-107.76,64.4,27,1,6.8,US,1602902307
332,homer,59.64,-151.55,43.0,35,1,6.93,US,1602902307
333,santa barbara,17.49,120.43,86.59,62,68,2.51,PH,1602902264
334,saint-francois,46.42,3.91,46.99,100,90,3.36,FR,1602902307
335,cabedelo,-6.98,-34.83,75.2,94,75,5.82,BR,1602902308
336,loandjili,-4.76,11.86,76.62,84,100,5.41,CG,1602902308
337,kodiak,57.79,-152.41,46.4,61,1,4.52,US,1602902308
338,sisimiut,66.94,-53.67,40.89,86,100,23.04,GL,1602902308
339,shaki,41.08,47.17,53.6,100,0,4.7,AZ,1602902309
340,abu samrah,24.6,72.7,75.38,74,25,6.53,IN,1602902309
341,san policarpo,13.3,-4.9,82.78,41,72,8.12,ML,1602902242
342,asfi,32.3,-9.24,60.8,76,0,5.7,MA,1602902310
343,college,64.86,-147.8,21.2,53,75,8.05,US,1602902310
344,klichka,50.45,118.0,32.63,82,22,14.56,RU,1602902310
345,inhambane,-23.86,35.38,70.63,77,100,9.8,MZ,1602902310
346,boyolangu,-8.12,111.89,83.95,61,59,9.64,ID,1602902310
347,kamenskiy,50.89,45.49,47.55,90,81,8.59,RU,1602902311
348,bontang,0.13,117.5,83.86,72,100,2.75,ID,1602902311
349,waingapu,-9.66,120.26,87.3,50,61,9.73,ID,1602902311
350,bajil,15.06,43.29,84.25,60,0,1.77,YE,1602902311
351,lompoc,34.64,-120.46,71.6,35,1,4.7,US,1602902268
352,rockport,28.02,-97.05,64.99,93,90,10.29,US,1602902311
353,snyder,32.72,-100.92,59.0,30,1,9.17,US,1602902312
354,zhireken,52.82,117.31,28.13,71,72,13.27,RU,1602902312
355,camana,-16.62,-72.71,63.01,77,67,5.12,PE,1602902193
356,mahebourg,-20.41,57.7,69.8,88,40,5.82,MU,1602902312
357,abashiri,44.02,144.27,59.0,47,20,2.24,JP,1602902312
358,acarau,-2.89,-40.12,76.87,85,3,10.92,BR,1602902312
359,aksu,41.12,80.26,54.52,37,0,0.83,CN,1602902313
360,morden,49.19,-98.1,28.4,54,1,3.44,CA,1602902237
361,acapulco,16.86,-99.89,82.4,83,75,3.36,MX,1602902231
362,salalah,17.02,54.09,71.6,60,0,3.36,OM,1602902313
363,campbell river,38.95,-84.38,43.0,80,1,4.56,US,1602902314
364,ypsonas,34.69,32.96,68.0,77,20,2.24,CY,1602902314
365,sibolga,1.74,98.78,86.05,58,62,2.15,ID,1602902081
366,colesberg,-30.72,25.1,60.3,28,0,3.24,ZA,1602902314
367,nago,26.59,127.98,82.4,69,75,12.75,JP,1602902314
368,unity,52.45,-109.17,25.99,67,100,10.49,CA,1602902315
369,honiara,-9.43,159.95,87.8,70,20,5.82,SB,1602902315
370,santa maria,17.49,120.43,86.59,62,68,2.51,PH,1602902315
371,torit,4.41,32.57,70.48,87,62,3.13,SS,1602902315
372,nouadhibou,20.93,-17.03,78.8,50,0,19.46,MR,1602902315
373,annau,37.89,58.52,48.2,42,0,4.7,TM,1602902316
374,jumla,29.27,82.18,65.34,28,45,1.48,NP,1602902316
375,rafraf,37.19,10.18,57.2,93,40,3.36,TN,1602902316
376,tilichiki,60.47,166.1,38.12,71,7,5.77,RU,1602902201
377,nalut,30.33,10.85,62.87,75,66,17.34,LY,1602902316
378,gornopravdinsk,60.05,69.9,31.69,94,32,7.81,RU,1602902316
379,aleksandrovsk-sakhalinskiy,50.9,142.16,48.33,51,5,15.82,RU,1602902317
380,seoul,37.57,126.98,60.8,59,1,3.36,KR,1602902262
381,xacmaz,41.46,48.81,60.4,38,0,2.73,AZ,1602902317
382,verkhnyaya inta,60.98,40.21,31.26,97,92,5.73,RU,1602902317
383,saint-georges,12.06,-61.75,84.2,79,40,13.87,GD,1602902318
384,tautira,-17.73,-149.15,77.0,78,75,17.22,PF,1602902318
385,moratuwa,6.77,79.88,82.4,74,40,5.82,LK,1602902318
386,port blair,-7.03,29.76,76.98,57,93,2.89,CD,1602902318
387,nhulunbuy,-12.23,136.77,87.8,55,75,10.29,AU,1602902318
388,mandurah,-32.55,115.7,72.0,49,0,12.75,AU,1602902318
389,spornoye,50.84,37.29,51.8,81,75,6.71,RU,1602902319
390,bubaque,11.28,-15.83,82.04,87,100,11.12,GW,1602902319
391,kaeo,-35.1,173.78,64.0,65,0,5.99,NZ,1602902319
392,deputatskiy,69.3,139.9,13.5,96,100,10.8,RU,1602902319
393,klaksvik,62.23,-6.59,42.8,87,79,16.11,FO,1602902320
394,wakkanai,45.41,141.67,55.4,37,20,9.17,JP,1602902320
395,rawson,-43.3,-65.1,68.52,46,0,6.71,AR,1602902320
396,buraydah,26.33,43.98,62.6,39,0,1.07,SA,1602902320
397,bathsheba,13.22,-59.52,80.6,83,6,11.41,BB,1602902320
398,tucurui,-3.77,-49.67,75.25,89,99,3.31,BR,1602902321
399,athy,52.99,-6.98,46.0,91,87,1.01,IE,1602902321
400,bundaberg,-24.85,152.35,77.0,38,0,9.17,AU,1602902321
401,diamantino,-14.41,-56.45,73.65,85,69,4.79,BR,1602902321
402,tabuk,17.42,121.44,80.49,80,100,4.12,PH,1602902321
403,baykit,61.67,96.37,27.86,95,100,7.52,RU,1602902321
404,tomatlan,19.93,-105.25,77.94,93,32,1.34,MX,1602902322
405,avera,33.19,-82.53,60.8,72,1,9.17,US,1602902322
406,yar-sale,66.83,70.83,30.24,98,100,25.7,RU,1602902322
407,monaragala,6.87,81.35,80.6,78,40,6.93,LK,1602902322
408,pangoa,-12.12,-73.0,66.38,91,13,3.2,PE,1602902323
409,ruteng,-8.61,120.47,77.95,60,79,1.16,ID,1602902323
410,port hardy,-7.03,29.76,76.98,57,93,2.89,CD,1602902247
411,komsomolskiy,40.43,71.72,50.0,66,0,4.7,UZ,1602902323
412,northam,51.03,-4.22,48.99,82,0,3.0,GB,1602902323
413,huilong,31.81,121.66,68.0,66,0,1.99,CN,1602902323
414,saldanha,-33.01,17.94,59.0,87,44,9.17,ZA,1602902324
415,yashkul,46.17,45.34,54.09,81,0,1.03,RU,1602902324
416,san gabriel,13.3,-4.9,82.78,41,72,8.12,ML,1602902261
417,lahij,13.17,44.58,77.31,50,0,2.44,YE,1602902324
418,shetpe,44.17,52.12,51.84,39,0,7.9,KZ,1602902324
419,lubumbashi,-11.66,27.48,62.31,70,0,4.18,CD,1602902325
420,junction city,30.49,-99.77,60.8,38,1,5.82,US,1602902325
421,kuching,1.55,110.33,86.0,70,20,4.7,MY,1602902305
422,kaseda,31.42,130.32,59.0,100,75,4.7,JP,1602902231
423,kalianget,-7.05,113.93,85.66,55,95,6.51,ID,1602902325
424,kpandae,8.47,-0.01,74.77,90,94,4.92,GH,1602902325
425,raudeberg,61.99,5.14,45.0,95,100,10.22,NO,1602902326
426,mitu,1.2,-70.17,72.12,96,46,1.66,CO,1602902326
427,oyem,1.6,11.58,67.53,99,99,2.59,GA,1602902326
428,sambava,-14.27,50.17,70.43,83,5,9.08,MG,1602902326
429,udachnyy,66.42,112.4,12.2,92,0,2.24,RU,1602902326
430,weyburn,49.67,-103.85,34.97,77,100,5.57,CA,1602902327
431,chumikan,54.72,135.31,39.16,74,100,20.04,RU,1602902327
432,boa vista,4.43,8.97,74.44,94,100,2.71,CM,1602902327
433,langsa,4.47,97.97,86.5,69,100,1.16,ID,1602902327
434,kupang,-10.17,123.58,87.8,62,20,11.41,ID,1602902327
435,mecca,21.43,39.83,80.02,16,0,8.55,SA,1602902328
436,lambarene,-0.7,10.24,74.08,90,100,4.03,GA,1602902328
437,goderich,43.75,-81.72,51.01,65,76,15.43,CA,1602902328
438,bellmead,31.59,-97.11,60.01,50,5,4.7,US,1602902328
439,amarante do maranhao,-6.24,-42.85,85.59,35,93,5.77,BR,1602902328
440,arco,45.92,10.89,50.0,87,75,4.21,IT,1602902328
441,vrangel,42.73,133.08,51.37,48,0,7.18,RU,1602902329
442,bidar,17.9,77.55,75.38,83,77,6.55,IN,1602902329
443,luganville,-15.53,167.17,82.4,74,40,10.29,VU,1602902329
444,guarapuava,-25.4,-51.46,52.16,91,1,5.88,BR,1602902329
445,joshimath,30.57,79.57,67.89,20,0,1.72,IN,1602902329
446,balkanabat,39.51,54.37,56.1,34,0,3.94,TM,1602902330
447,atherton,53.52,-2.49,44.01,75,1,4.32,GB,1602902068
448,nabire,-3.37,135.48,88.52,57,38,4.76,ID,1602902330
449,asau,46.43,26.4,52.0,98,100,1.72,RO,1602902330
450,itaituba,-4.28,-55.98,78.64,67,28,1.54,BR,1602902309
451,vanimo,-2.67,141.3,82.72,70,96,7.05,PG,1602902331
452,sal,32.57,35.91,62.6,77,0,1.48,JO,1602902331
453,kupino,54.37,77.3,47.14,60,75,13.49,RU,1602902331
454,bocana de paiwas,10.01,122.72,83.91,70,49,5.7,PH,1602902331
455,markova,48.68,24.41,44.1,90,100,1.99,UA,1602902331
456,toktogul,41.87,72.94,58.77,35,0,0.72,KG,1602902142
457,bereslavka,48.63,44.04,51.8,76,20,4.47,RU,1602902332
458,matara,5.95,80.54,82.62,70,52,13.04,LK,1602902332
459,vila franca do campo,42.03,-8.16,43.0,90,100,3.0,PT,1602902290
460,kutum,14.2,24.67,73.62,21,0,7.0,SD,1602902332
461,caraga,9.0,125.74,82.65,73,36,3.56,PH,1602902332
462,belyy yar,55.84,32.94,33.53,93,36,2.71,RU,1602902333
463,tevaitoa,-16.78,-151.5,80.17,77,33,9.04,PF,1602902333
464,nyagan,62.14,65.39,31.03,91,36,11.63,RU,1602902333
465,tupik,54.43,119.93,26.49,80,93,10.65,RU,1602902333
466,mahanoro,-19.9,48.8,71.35,84,32,3.04,MG,1602902334
467,bar harbor,49.08,27.68,50.49,94,100,8.95,UA,1602902334
468,sonoita,31.85,-112.83,83.59,14,0,7.7,MX,1602902334
469,pahrump,36.21,-115.98,75.2,9,1,9.17,US,1602902317
470,rio grande,38.3,21.78,68.0,64,20,7.34,GR,1602902334
471,aklavik,68.22,-135.01,15.8,66,20,4.7,CA,1602902335
472,nishihara,26.18,127.76,82.4,65,40,11.41,JP,1602902335
473,rongcheng,30.63,117.85,66.99,82,50,5.64,CN,1602902335
474,fort nelson,52.65,6.39,45.0,88,100,0.45,NL,1602902335
475,gisborne,-38.65,178.0,59.0,58,69,3.0,NZ,1602902336
476,japura,-0.32,102.35,89.71,58,31,4.23,ID,1602902336
477,lashio,22.93,97.75,68.13,96,99,0.56,MM,1602902336
478,atar,20.52,-13.05,86.18,26,11,6.02,MR,1602902336
479,yasnyy,51.03,59.87,51.46,46,100,17.4,RU,1602902336
480,husavik,66.04,-17.34,39.2,86,90,5.82,IS,1602902336
481,hailey,43.52,-114.32,45.93,57,0,4.92,US,1602902337
482,ewa beach,-8.62,122.51,82.96,66,52,2.53,ID,1602902337
483,severomuysk,56.15,113.43,9.99,91,91,4.29,RU,1602902337
484,burgeo,47.62,-57.62,51.26,70,0,7.96,CA,1602902337
485,yeniseysk,58.45,92.17,38.84,91,100,6.11,RU,1602902337
486,barmer,25.75,71.38,86.56,22,39,12.01,IN,1602902338
487,khatanga,71.97,102.5,0.43,89,0,4.72,RU,1602902338
488,upington,-28.45,21.26,69.8,16,0,3.36,ZA,1602902338
489,constitucion,-35.33,-72.42,52.2,91,9,2.64,CL,1602902338
490,san isidro,13.3,-4.9,82.78,41,72,8.12,ML,1602902274
491,kloulklubed,7.04,134.26,86.0,74,75,6.93,PW,1602902339
492,oxford,51.75,-1.26,50.0,100,100,9.17,GB,1602902172
493,sundsvall,62.39,17.31,43.0,80,49,3.36,SE,1602902144
494,puerto madryn,36.59,-6.23,51.8,93,3,3.36,ES,1602902266
495,wajima,37.4,136.9,59.0,62,75,1.12,JP,1602902340
496,buchanan,5.88,-10.05,76.53,90,94,4.72,LR,1602902340
497,tagusao,9.19,117.81,81.27,76,100,1.92,PH,1602902340
498,fairbanks,64.84,-147.72,21.2,53,75,8.05,US,1602902057
499,pryazha,61.69,33.62,28.4,100,82,4.47,RU,1602902340
500,lamu,-2.27,40.9,78.8,78,20,4.7,KE,1602902341
501,kitui,-1.37,38.01,61.65,88,51,6.55,KE,1602902341
502,sydney,-33.87,151.21,77.0,60,75,18.34,AU,1602902085
503,korcula,42.96,17.14,51.8,100,75,4.7,HR,1602902341
504,torrington,41.8,-73.12,48.0,98,100,3.0,US,1602902341
505,beyneu,45.32,55.2,51.87,42,0,9.06,KZ,1602902342
506,kayanga,-1.53,31.15,59.65,94,9,2.19,TZ,1602902342
507,santa maria da vitoria,17.49,120.43,86.59,62,68,2.51,PH,1602902315
508,krasne,49.91,24.61,46.4,100,90,6.71,UA,1602902342
509,qasigiannguit,68.82,-51.19,46.4,70,100,13.87,GL,1602902342
510,toora-khem,52.47,96.11,36.25,81,100,4.21,RU,1602902343
511,alice springs,27.75,-98.07,60.8,93,90,8.05,US,1602902054
512,tual,-5.67,132.75,80.87,79,100,13.38,ID,1602902343
513,sao joao da barra,20.51,76.21,76.6,82,64,5.23,IN,1602902343
514,inuvik,68.35,-133.72,15.8,66,20,4.7,CA,1602902343
515,plettenberg bay,51.22,7.88,44.01,94,0,0.6,DE,1602902343
516,preobrazheniye,42.9,133.91,53.28,43,0,11.1,RU,1602902344
517,cherskiy,68.75,161.3,28.02,98,94,3.29,RU,1602902184
518,antiguo morelos,43.31,-2.0,46.0,93,67,3.36,ES,1602902344
519,zacler,50.66,15.91,39.0,86,100,4.0,CZ,1602902344
520,palmer,42.16,-72.33,50.0,93,90,8.05,US,1602902140
521,raymond,43.9,-70.47,53.01,97,97,3.22,US,1602902345
522,barma,8.35,-11.33,72.12,94,100,0.56,SL,1602902345
523,ust-tsilma,65.44,52.15,28.87,97,78,5.99,RU,1602902345
524,redmond,47.67,-122.12,61.0,93,100,4.05,US,1602902345
525,kudat,6.88,116.85,84.2,74,20,4.7,MY,1602902345
526,dicabisagan,17.08,122.42,78.53,86,100,6.4,PH,1602902346
527,veraval,20.9,70.37,84.34,77,100,13.58,IN,1602902346
528,broome,42.25,-75.83,39.2,86,1,4.7,US,1602902346
529,lyuban,52.8,28.0,42.13,83,79,9.35,BY,1602902346
530,faya,18.39,42.45,57.2,30,0,4.09,SA,1602902346
531,nelson bay,-41.28,173.28,61.0,69,92,5.01,NZ,1602902296
532,omboue,-1.57,9.26,75.67,84,100,6.44,GA,1602902347
533,aswan,24.09,32.91,77.32,30,0,8.03,EG,1602902347
534,santa rita do sapucai,17.49,120.43,86.59,62,68,2.51,PH,1602902264
535,werda,-25.27,23.28,74.08,27,0,8.25,BW,1602902347
536,karratha,-20.74,116.85,86.09,29,0,15.99,AU,1602902287
537,taguatinga,-12.39,-46.57,82.76,23,0,3.15,BR,1602902348
538,aloleng,16.13,119.78,85.8,70,74,5.86,PH,1602902348
539,malakal,9.53,31.66,73.36,85,16,2.33,SS,1602902348
540,baixa grande,40.21,-8.43,54.0,87,100,3.0,PT,1602902348
541,namibe,-15.2,12.15,70.43,68,94,1.05,AO,1602902349
542,chama,47.18,8.46,46.4,87,90,2.24,CH,1602902349
543,carballo,43.21,-8.69,54.0,81,100,6.93,ES,1602902349
544,tirano,46.22,10.17,48.99,71,92,6.78,IT,1602902349
545,khandagayty,50.73,92.05,36.45,77,44,2.84,RU,1602902349
546,washington,47.5,-120.5,62.6,59,75,5.82,US,1602902350
547,gamba,-2.65,10.0,75.18,88,100,7.2,GA,1602902350
548,sola,-13.88,167.55,79.61,83,3,15.57,VU,1602902350
549,morant bay,17.9,-76.43,84.2,79,20,3.36,JM,1602902350
550,baie-comeau,49.22,-68.15,44.6,100,90,3.36,CA,1602902158
551,lagos,6.58,3.75,75.2,94,20,2.24,NG,1602902351
552,kargasok,59.06,80.86,42.66,87,71,14.34,RU,1602902351
553,znamenskoye,57.13,73.83,44.74,85,100,7.25,RU,1602902351
554,abu dhabi,24.6,72.7,75.38,74,25,6.53,IN,1602902351
555,sakakah,29.97,40.21,66.2,25,0,4.7,SA,1602902351
556,fortuna,40.6,-124.16,60.01,76,1,8.05,US,1602902351
